perf,my_code
-0.00250811983373884,005930
-0.00451882522507165,000660
-0.00391551098760921,035420
-0.00833482037589503,207940
-0.00167156672333857,051910
-0.000100675048757592,005935
-6.18601745696083e-05,005380
-0.00882239243381562,068270
0.00098840128106695,006400
0.00125435215997932,035720
-0.000758698260438634,051900
0.0056250959673564,012330
-0.00155157125525214,028260
0.00184618200117987,000270
-0.000162684889625401,005490
0.00060745682918786,105560
0.000728655925389548,017670
,036570
0.00124002965494448,055550
-0.0028042961061733,066570
-0.0038992350406753,018260
0.000586445410000339,015760
-0.00413364947424685,034730
0.00132082232140082,032830
0.00279585883761465,003550
-0.000103678494023653,033780
-0.00485982720606353,096770
0.00424850654737487,251270
0.002433946084458,009150
0.00418329490594959,086790
-0.00442535106089714,090430
0.000659711020728277,000810
0.00457766855878534,011170
-0.00160786483746296,009830
0.000441617521091855,010130
-0.00128160722021279,019170
9.59095239347436e-05,316140
-0.00190287018001901,086280
2.94678222723851e-05,024110
-0.0022318118130519,010950
-0.00277893351621528,018880
0.0001739051732215,030200
-0.00868324141568982,009540
0.000101743844084703,006800
-0.000467675759513497,097950
-0.00487879329134846,021240
0.0029037503740582,034220
,032640
,069500
0.0119669994380887,180640
-0.00448973050162918,003670
0.0022512484137393,035250
-0.00261183728275429,271560
-0.00378596800251449,139480
0.0066931462405263,161390
0.0128566000303839,285130
0.00420743417027636,011780
0.00307413652848004,000100
-0.00494918531830813,004020
0.000623633534065582,071050
,088980
-0.00677991112000936,000120
1.74320854932109e-05,029780
0.00781307278582038,002790
-0.00469384800623082,011070
-0.000951682702232442,008930
0.00157104544850939,006280
-0.00446427309739228,034020
-0.00829384875747206,003490
-0.00209119382234343,267250
7.19598009526479e-06,000720
0.000709150003207818,005830
,010140
0.00255069793254425,128940
-0.000628325097397564,241560
0.00219463504188323,012750
-0.000298345763425428,078930
-0.00837699586001851,012510
0.00504787714631684,011200
0.00314723013109956,004990
-0.000382698517450329,005387
-0.000250468383015861,008770
-0.000717600185463074,016360
0.00179863466779637,026960
0.00434409243913545,003410
-0.00115859304575418,011790
-0.00170112104938988,005940
-0.0032900480317061,000210
-0.00293034640363552,036460
0.000481012042165939,007070
0.00529967687024543,081660
-0.00261560628241564,030000
0.00591503369858337,252670
-0.00352150402754682,023530
0.00245600530336674,051915
-0.00144365083652924,000080
-0.00791042367199681,039490
,102110
,042660
-0.000417632906167038,028050
0.00224382341427263,008560
-0.00390653565503918,001040
0.00174082441954238,006360
0.000309117349766908,009240
-0.00614703202124134,001450
,047810
0.000922110145789329,282330
-0.00577732202919326,004170
,153130
,122630
0.00540823704680049,020150
-0.0016279839866503,007310
-0.00327731318794568,005385
-0.000441438422682516,028670
0.00305753385112067,138930
0.0013929300225674,000880
-0.00693055528962298,112610
-0.00323059951051176,042670
0.00254495716076737,204320
0.00236425305185359,004370
-0.00170160037895428,006260
-0.00424570228017493,000060
,064350
0.00148237873755604,047050
-8.99561742319374e-05,185750
0.000615569142858185,014680
,004800
0.0010610957480998,010060
-0.000703068193974665,102780
0.000511489065228036,017800
-0.00808119962852721,003000
-0.00298642489065129,010120
0.00500722707298603,009420
,051905
-0.00250708877903729,069960
,273130
0.00866208168174249,007700
0.000803700726675016,000990
,002380
-0.00179744464229917,000240
-0.00204050912969496,181710
0.000135687574632623,307950
-0.000169573068878281,088350
0.00211637157963441,003090
-0.00147033035785274,007570
,157450
-0.00785006790913734,003520
-0.00411312234405286,294870
-0.00202279309190445,138040
0.00127949360348989,012450
0.0130270828119098,011000
-0.000114481873416992,006650
-0.00409215396751739,047040
-0.00264859477759303,004000
0.00121014445736027,051600
-0.00193754380593791,111770
0.00320380543060739,006120
,010780
0.00030023802994504,214320
-0.00065150145058576,010620
-0.00249996668492436,011210
0.00132543999242262,114800
-0.000632204209498822,192080
,278530
0.000514759309443737,139130
-0.00162317437174609,001740
0.00160932977522869,005250
-0.000384786848508216,005690
-0.0130594179250914,192820
-0.00706688011423005,233740
-0.00567932914401368,069620
-0.00204558060670311,175330
0.00157504271330649,073240
0.00323563367400971,161890
0.00811084572572491,031430
-0.000951369162998045,032350
0.00111997493133816,018670
-0.00353749311936787,120110
,214980
-0.00448921054076738,069260
-0.000422650863505807,271980
0.00297095384008178,000670
-0.00180215739986687,003690
,148020
0.00108212729789595,284740
-0.00119902029801168,023590
0.00108726382883059,057050
-0.00456382397369233,001680
-0.00337141816130686,003240
0.00185479895708727,093370
-0.000961976902284299,210980
-0.00294224057506912,020560
-0.00537609990507723,241590
,278540
-0.00305795590441944,001800
-0.00637986131533182,000150
0.00859085650785296,016380
0.00131459524120987,033270
-0.000731300245507658,006040
0.00366159848234306,064960
0.000823085103114723,114090
0.00268133830422833,001440
-0.0133645763184188,192650
-0.00277681808426713,071840
-0.00317829287587323,003230
-0.000915753893342698,170900
,005440
0.000491075940849383,005850
0.000464195933320699,081000
7.70267139965123e-05,079160
-0.000964997440509972,020000
-0.00559272630360721,103140
,152100
0.00409009787570802,005300
0.0056688222955759,033660
0.00157842710030198,034310
-0.00814596120636033,105630
-0.00536956751160488,003850
0.000292124246283887,003540
-0.00755994081149701,085620
-0.00217028263576936,009450
-0.000323582549598005,251340
,272580
-0.00130695371009565,298020
-0.00965845962473984,192400
,293180
0.00407244859930878,000640
0.00429584726812265,003620
,105190
-0.00676545254763312,001060
0.00499766613200837,014820
,280360
0.000570999294361663,00680K
,049770
-0.00383932361824801,001120
-0.00220566473257253,298050
-0.00132573555507322,079550
-0.00722925001195949,226320
-0.00283747612340848,011930
,012630
0.00476198917423554,052690
-0.00550216163202784,001230
0.00255659026696781,097230
-0.000960943257099167,018250
0.000771377034995949,008490
0.0230414073968507,017810
0.00128492566739975,292150
-0.00107124547763759,310970
0.00325569666332271,108670
-0.0106712313644982,267260
0.000682750579403901,005610
0.00836346387496946,002320
,315930
-0.00134507581869467,042700
-0.000619551098371574,115390
-0.000970960252139356,300720
-0.0152817044274789,298040
-0.0034345858219575,066575
-0.0024247204813145,090435
-0.000632344828391361,015350
0.000349977088548448,005180
-0.00481034581842606,039130
,069660
0.00113214149998112,003470
-0.00145379233403925,286940
-0.00717610971528686,000070
-0.00725132149562319,001880
-0.0130178219792467,001820
-0.000918575315742845,000400
-0.00209196331313972,082640
-0.000919600297854311,145990
0.000124361314854192,002350
-0.00883136494880126,267270
-5.83012305557058e-05,268280
-0.00149499199131842,000020
0.000507795764340902,089590
-0.00474461648056262,003060
0.00130863848533687,133690
-0.00154747294482969,001470
-0.00563320145015306,009290
0.00296182903320043,001630
-0.000558586848917721,002840
-0.00262343244382997,009970
-0.00683849270554626,025540
0.00243620504628781,229200
-0.00106312126729894,053210
0.00254903896401587,123890
0.00484050590213314,003070
-0.00135756821740505,034830
-0.000797909509820511,000815
0.000987269612370885,261220
-0.0104930903070466,024720
-0.00660584822462364,008350
0.00132619805196937,093050
-0.00583341628184727,281820
-0.00107467271607419,030610
,001720
0.000673171683769877,017390
-0.00256829431546471,071320
-0.00992209939240098,017960
0.000789735682010053,138250
-0.00206060306192777,145720
-0.000349384803317621,305540
0.000727196756045601,002390
0.00313474675432645,249420
,226490
0.00395282421774772,036420
-0.0104676567788971,006390
0.0106278277758851,026890
0.00204852200543462,298000
-0.00223794027610276,006405
-9.6672293794166e-05,068400
-0.00237142809722066,005880
-0.00484229326180497,025860
0.0043853740924704,009410
-0.0210594274863755,006060
-0.00236178895524495,305720
-0.00140314373889027,004490
-0.00324926883214263,027410
0.000182460266882577,251350
-0.000201370871557045,014830
0.00665331333578129,005070
-0.00179543861850644,001780
0.00173249620139954,003530
-0.00319720834620185,009680
0.00780417244757437,008730
-0.00328911448434111,094800
0.00115412684750661,293940
0.000620176499421203,293480
-0.00251641229825291,002620
-0.000971974746050353,016710
4.29993810767963e-05,088260
-8.19621704497026e-06,005500
-0.00200028643188138,011280
-0.00267111773843594,003220
-0.000471920875132231,084690
-0.00162900664374301,102460
0.000859508701283749,126560
-0.00196299871256913,096760
0.000622563786716133,001200
0.00310792271652507,001430
-0.00249726922703842,002270
0.00058045933979191,010050
-0.00556291249805407,000140
-0.000246105178666056,004430
0.00328916607773304,071055
0.00023126875872072,016800
,190620
,294400
,002780
,004700
0.0011334972551365,072710
-0.00344303134166493,060980
0.00222399227663015,000370
-0.00205761805536879,001510
-0.00249177698144144,001725
0.00168336031069808,079430
-0.00202492088265534,029460
-0.00276704484066223,001500
0.00879622011377027,084680
-0.000120449658640121,004690
,019680
-0.00280435296021322,017940
,002960
0.0126895512549569,007460
,295040
-0.0025651416824825,213500
-0.0103519050813356,019175
0.00710021071957551,122900
0.00081947404413083,095720
-0.00527170920556432,195870
0.00209589445464011,037560
,000480
,00088K
0.00234143217600548,007810
,000050
,192090
-0.00255256233944424,034120
,152330
0.00387522048228995,002210
-0.000793890445917841,204480
0.0016509401134766,234080
-0.00138851593739596,058650
0.00139000598529058,272550
,282000
-0.00424083217371233,214330
-0.0079211879133859,077500
-0.00462338515262428,101140
-0.00610727099842121,079980
0.0122973996314454,075580
-0.00208942233292738,005390
-0.00196694330170994,002310
0.00185240900428707,002240
0.00373588284848194,037270
-0.000994770212116972,004710
0.00648512779222061,007860
-0.000318389295248992,016580
0.00898594421826135,033180
-0.000685864261759734,139260
0.00359781774228984,012610
-0.00406838394443446,001520
0.00334719260238371,003300
-0.0018558896842032,002990
0.000549902060685926,003545
0.00232391136066286,005960
0.00330438292204545,272450
0.0027636657005655,005950
-5.39550293007532e-05,900140
0.00207990206921287,232080
0.000861985879583216,002020
-0.00849589895427725,28513K
0.00021537752485601,002810
-0.0142768154499061,002100
-0.000143994195550216,000430
-0.00446196638238782,094280
-0.0044130766405738,037710
0.00386953259669948,007690
-0.00815644986110059,033240
0.0048274480576967,001390
-0.000643705535614103,002150
0.000351652200048074,132030
0.00141739875814557,00104K
-0.000444118032355156,101530
-0.00443613805344251,092220
-0.00221889779153546,136490
-0.0150326315969869,015860
-0.000885216767179175,025000
-0.00377496419999293,001130
-0.00407002610499672,033530
-0.0015755340280272,161000
-0.00528446237231073,144620
0.00135289190668212,016450
0.000676939101198683,306200
-0.0089679772040887,006840
-0.00290142339705213,214390
-0.00533465883419958,101060
-0.00398832307952586,068290
,148070
-0.000703192526889105,036530
-0.00107988228491365,029530
,229640
-0.00419765194180046,006490
-0.000432280382322956,007340
-0.00183324238749646,001270
0.00301867288231499,001940
-0.00561542867456107,183190
0.00292973686892643,001360
0.00027319915962857,004380
-0.00254958611939382,044450
,005720
-0.00141153938751454,104700
,015360
-0.00190789906272271,001570
-0.00832225037887291,118000
-0.000708802596539211,097955
0.00169144794206172,314250
-0.00429497924631919,008060
-0.0166774083974247,005420
-0.00567253311324698,123690
-0.00422089452575634,035510
-0.00301797992207112,005810
-0.00245018470513371,063160
0.00303200228391987,016590
0.000843720858597992,003120
0.00367766293122205,001530
-4.58630730710155e-05,245710
1.59915414787548e-05,267850
-0.00733240878506258,017180
-0.00378484361743279,031440
0.00903440678099419,248170
-0.000755048280336748,003560
-0.00148664954265675,070960
0.000314280129376061,092230
-0.00420992116326606,078520
0.000405572893429462,009580
0.00107342680433372,004310
-0.00441683253051334,012690
-0.00823763075576407,005090
,011760
0.00290931352379664,02826K
0.00299157553297891,004720
-0.000311563747076614,002170
-0.0034856645629625,089470
-0.00209718673590425,005389
-0.00143828085736501,003920
-0.00652686992808354,002630
-0.00168894016878171,003030
-0.00255855651876817,013580
,302450
-0.00408601569412435,033920
0.00254468975403784,000970
-0.0124945718168603,003580
0.000651210116859757,002900
,168580
,001070
0.000947246376762023,102260
0.000840186265391996,161510
-0.00178368920687903,003570
,004360
-0.0062963630215355,009155
0.000364438394022815,003555
-0.000854305158069933,003350
-0.00324045133900944,000540
0.00244468976392438,002030
,176950
-0.00716756142181795,047400
0.00446252121492224,298690
-0.0116523013429877,008700
-0.00297267778871311,036580
0.00385393374370715,002720
0.000724349267232114,095570
-0.0100811607676015,091090
,028100
-0.00126600418359717,001790
-0.000145036573323192,275980
-0.00602307532042059,000680
-0.000931608240685987,016610
-0.00147297539872326,004890
-0.0032928605202429,011150
-0.00593071871649742,025750
,003200
-0.00166555517177571,004540
-0.00372965989084536,044820
-0.00215304451135445,214420
0.014197935368577,278240
-0.0019950022561859,084010
-0.0106896014070283,004980
,325020
0.00325606745187431,000215
-0.00339026506647436,007660
0.00613055230026752,270810
0.00756130456878794,023800
0.00450288184618478,011785
-0.0063184431500241,020120
-0.0039707487257054,005680
0.00524835066449292,000490
-0.000660147231422007,000155
0.000236572684757959,005945
-0.00189684617094272,004960
0.0023617324631184,030210
0.00883108819757702,039570
-0.0045500472033444,093230
,168490
0.00882221574516948,007110
0.00744351739862204,500031
0.00278132108770252,004770
0.000867516311207517,100250
-0.00669743026693818,009160
0.00646846301126658,082740
0.000782122990881365,001460
,002460
,196230
0.000399371825499632,150460
0.000713848698620737,143210
-0.00599407260162599,138490
-0.00582743922405091,102280
-0.0153230330022211,004270
-0.00246877329938185,015890
-0.00441013766640047,013870
-0.000445131586046162,015590
0.000208082625730877,117580
,004970
0.000313602585665691,144600
,090350
0.000887324439774484,007160
,001250
0.0036928969150669,074610
0.000124468984828512,107590
0.0197248339432557,021050
0.00675367203149255,001340
-0.00560410246643492,005320
-0.00444923677641453,000520
-0.00044311137731208,023450
0.00410322539391832,055490
-7.75341995013585e-05,077970
-0.00131000120372093,004150
0.0075292540390803,252710
-0.000253768340620436,570019
0.00221722230569766,000700
,012030
0.00411214740355881,128820
-0.000125064542403575,139280
-0.00695326223915624,005257
-0.000400349459022994,013520
0.00178531307002522,004080
-0.00534124030491288,530013
-0.00328465339753015,027740
0.00204951698769413,004440
0.000407187978000349,510011
-0.00543719453143286,017900
-0.00529083237099228,002760
-0.00149194186376895,003460
-0.00194690775086048,005740
-0.000352254945108579,520026
0.00148909850775078,014790
0.00718498812002615,009320
-0.013256804958447,200880
-0.00258630655211254,000180
,000390
-0.00511663297905744,004840
0.000563915175985841,007210
,024090
-0.000869838608949697,096775
0.00150218457233685,002700
-0.00453411700868453,007540
-4.09628358110251e-05,010955
-0.0010646223151004,003960
0.000555638048790222,282690
-1.06884401995165e-05,130680
0.000238420991825085,134380
0.000749966111874478,091170
-0.00329563999534098,143860
-0.00718457042548621,005360
0.000947267732076921,500015
-0.00566562500199597,002410
,002450
-0.00464745131995304,014160
,000320
0.00420920051737341,003160
0.0013183766283834,120030
-0.00242378812199302,210540
-0.00699912627422649,006380
0.000691282626438976,130660
0.000486047053407915,008970
0.000503400497133166,009460
0.00385022672169102,163560
,009470
-0.0030527615556141,008040
-0.000759282729139476,011500
-0.0024540569201865,004060
,273140
,152550
0.0012757786765726,009270
-0.0014827284830885,014530
-0.00167330577780059,067830
-0.00201110009926771,011390
0.000607936356126048,001750
,004560
-0.000310746702353619,003830
0.0024501636019103,500032
-0.00267855182639368,014280
-0.000482697432863135,134790
-0.00088976448408202,078000
-0.00035992656140639,034590
-0.000111805039564923,100840
-0.00398935807161704,002795
-0.000416936990433737,267290
-0.00020256366703314,500029
-0.0115055937420656,035150
-0.00118144558656623,119650
0.000982501861865257,013700
-0.00334856653637949,004250
0.00474634279729163,017550
-0.0205488641527716,011810
0.000757065445127232,003650
-0.00773604064739164,003480
-0.0080675356462719,071970
,267770
-0.00147441516101458,03473K
0.000193201172060828,143850
-0.000734302854218533,013570
0.000225805759906891,001045
-0.00285207587352545,012800
,000890
-0.00104583700934618,020760
-0.00313335610507035,000860
-0.00486821661630865,000230
-0.00112623793331135,264900
-0.00349629531477529,006220
-0.0032067713043486,012160
-0.00589538965616343,000910
0.00395988790354905,031820
-0.00225049455639942,092440
0.00138527018012687,010960
-0.00163914838800018,103590
0.00959220498037298,000220
-0.00267882386673474,014710
-0.000119656713993224,015230
0.000695947010478667,053690
0.0111335542303676,091810
0.0191265170393622,001140
-0.00214670468954548,001290
-0.00345167623037699,570044
-0.00085298233780756,227840
0.000839217931292993,009200
0.000410572670388198,010820
-0.000454176003263085,003547
0.00638719159061716,530031
,001260
0.00397488218575059,009440
0.00393963293383659,500019
,315960
-0.00566383573087649,009190
0.00045067543101612,000650
-0.00154158491136916,019440
-0.00992440309173246,006370
,005430
0.0042664522016109,014990
-0.00265119614313591,012200
0.00194476157698301,233160
-0.00177384172777538,023000
-0.00192032357999454,008250
-0.00609857802945883,014580
0.00126602406927866,002600
0.00326740860745092,004830
0.00160617162628369,006980
-0.00421992469733354,010690
0.0014176190980988,027970
0.0102515066085279,026940
0.0037168959556892,032560
0.000487232128299803,328370
0.000491630260141207,083420
-0.000985242704416676,010600
0.00089492126127556,325010
-0.00518010900537444,025620
-0.0057962420346297,012280
-0.00055139433609317,005800
-0.0024623984924121,001550
-0.00929855393247643,000300
7.66836056802428e-05,005750
-0.00735893991692544,007280
-0.0121047439418203,011330
-0.00129120218413328,002870
0.00207777168277722,002140
-0.0146046338063651,016740
0.000314124502546304,000040
-0.00141684842921504,194370
-0.000981804326480011,155660
-0.00365221420158817,034300
-0.00062497209581826,006890
,058860
-0.00868986784872406,093240
0.00273594332955157,058850
,292190
-0.00489805126549856,000500
-0.00235878576223506,058430
-0.0057647305570693,002360
-0.000784637840368759,035000
0.00294576076185057,105840
0.0041571380868504,002070
0.00067205496086279,017040
-0.00192068058638158,002880
-0.0117093268529381,006110
-0.000258224988045654,007590
-0.00494706957735251,013000
0.000925396797248495,219480
-0.000829761321881327,004450
0.00637461727104367,009835
4.20010734986425e-05,006090
-0.00194421432241725,012600
,100220
,006740
,005190
-0.00147857538039131,225040
0.000615341723535767,001380
0.00550484303678249,530036
-0.00274878520085584,003080
-0.0122864069875537,085310
0.00225524069479593,016880
7.49940813069117e-05,002710
,302190
0.00037778630174495,570043
-0.00108337861229342,005870
0.000683091592152527,108450
0.00213669053965153,016090
0.00239294232913423,015540
,272560
-0.00450264530421653,058730
0.000860862729282068,092780
,075180
,114260
-0.00819090194694702,008600
-0.00120002860979112,007980
,084670
-0.000862588691220267,133820
0.00431538231868868,003720
-0.000422416343647096,002200
,277630
0.00113817764694312,123310
7.81680288920337e-05,129260
0.00761383243114603,033250
0.000119240294518657,003610
,004140
-0.00448989049616553,009310
0.000138765067802338,002920
1.70668407787647e-05,500027
-0.00135365335176721,000105
-0.00707462991714536,010040
-0.013256025474537,009070
0.000154857544403754,009770
-0.0142780488567867,011690
-0.00223502821005524,090370
-0.000117180075000197,156080
0.00076609049836271,570022
6.35735346351064e-05,000157
0.00282102756099812,256750
-0.000150889848383409,006805
0.0072068872949992,030790
0.00426705467296508,014440
-0.00317598704913921,245360
0.00195882381789375,006125
-0.000193205215712287,195930
-0.00320143286832325,003680
-0.00635319914320028,005110
0.000380516606498853,157490
-0.00398191841190767,004870
,000850
,001560
-0.00345793925648844,006340
-0.00666677636755381,003010
-0.00317399135684207,069730
-0.00935008849809144,510007
-0.00262231997180283,012320
0.000899203908538818,004910
-0.000222037927720262,006570
0.000627736526441091,580006
0.00223751870069493,000590
-0.00701537945883176,111110
0.000814431454375516,091180
-0.00435592418723967,008260
0.00145115919766656,010660
-0.000307841853494427,326240
0.000466058299634369,329200
0.00144952138492319,014130
,122260
0.00512446822541263,00499K
-0.00343295848282575,008775
-0.000603132503533622,001080
0.00451608773705448,024890
-0.00224149458917028,090080
-0.00143612268589734,001275
0.000615795130719062,510008
-0.00378112325122907,010100
0.0027824459535319,500045
-0.000543652122563444,003415
0.00224433881275789,004090
0.00300690868795339,011090
-0.00611329650089963,024900
-1.99534354267487e-05,044380
0.000591294198270642,001020
0.000440324507855609,270800
-0.000904061162587516,002820
0.00166020002270872,023150
,292500
-0.00838911603999767,010400
,283580
0.00155699512920668,520009
-0.00277987995232005,008870
0.00661330337951716,072130
0.000498598479482444,120115
-0.00472480339187464,017370
-0.00166467006306326,530061
0.000984223844703571,195980
-0.000878317980058065,003780
0.000404852348358585,041650
0.00121150674581852,088790
-0.00472759101563669,092200
0.00597140470023589,009180
-0.000706026799395592,182480
-0.0165011615322579,051630
-0.000337707415794419,025820
-0.0147679261351682,069460
-0.00150186939255892,285000
,102970
0.00025189805040687,005010
,078935
-0.0038579234969693,001210
-0.00597179179086188,008420
,136340
0.000419672162957576,006660
,530023
-0.00304871257730453,025560
-0.000779836542294801,004410
-0.00765090393562969,011700
-4.80245215487932e-05,530053
,013360
,019685
-0.0057108310446983,219390
-0.000896402715909032,322400
-0.00961958136531544,010770
-0.00234737243776578,018470
-0.000709132972241176,123700
,114820
0.00125838318656767,261240
0.00684742614346296,023810
-0.00835142790791896,007610
-0.00354984765056971,008110
0.000113114118706009,305080
-0.000744635880929945,091160
0.00181462068597294,005305
,130730
6.54914068305289e-05,570030
-0.000517151850266075,023350
-0.00149020026274392,266360
-0.00036105057748475,000950
-0.00430477362294413,520004
,007120
0.000100736039780516,228810
-0.00269149960858275,003465
,252400
-0.00152202259305686,025530
0.000460907433286739,570029
-0.00423314604523638,006880
-0.00208002111921829,096300
0.00174331593863903,590010
-0.00122754982052304,292050
0.00590744475102234,550009
0.00193339687728836,005820
0.000833258578230072,500020
-9.32434400892153e-05,550008
-0.00479987414383395,049800
,030720
-0.00247053813421965,001620
-0.0049756996195143,000760
0.00216684829334069,252420
0.00130684484224588,011420
-0.00508585750890984,012170
-0.00288330266858247,530012
0.000289891757904464,084870
0.00729427274160323,009140
,002220
0.007837150531462,019180
-0.000856486940558115,137610
-0.000500898476051555,155900
-0.00484840986834634,004100
0.000189441086220134,006200
,114100
,278620
0.00368302189922192,014910
0.00117382718176352,500037
-0.000596760725803092,145270
-6.87473156190568e-05,213610
0.00680657036054005,007575
0.0079957830588187,010640
,227830
-0.00114694715528231,024070
0.00550837673438495,010145
0.00055880404688811,250780
0.00192972279987394,069640
-0.00341339200673465,023960
0.000212786007726938,245340
-0.000262526297536742,530055
,530014
-0.0032793690471092,002690
,223190
0.00164710939174686,140910
,114470
,530015
2.88110861163437e-05,590018
,217780
-9.84136328792829e-05,279530
0.00237093847129724,316670
0.00696471247697206,009810
,272570
0.00449741194344405,071950
0.000356533759494708,530019
-0.00401748102047167,550014
,018500
-0.00504659352428429,304780
-0.00556324738824416,099140
-0.00126018764277311,530005
-0.000141843665760169,266370
-0.0105338312461523,011230
-0.000699025593711345,225130
-0.000185612776543992,500009
-0.00022516622705282,204450
-0.0085395475187594,550013
0.0032317432335384,304770
-7.18817939369527e-05,329750
5.07109281617028e-05,590009
-0.00133294293121669,003475
-0.00412040245292171,003280
-0.001311921201435,071090
0.00515307903983622,010420
,292160
0.000365391904418304,520014
-0.00637564735080087,001420
-0.000234585582094556,500016
-0.00261771784044529,169950
-0.00139347180583785,310960
-0.00205780785305221,091230
0.000442513584859475,138230
-0.00168481578731815,172580
0.00975687221120406,005030
0.00119043860479303,550044
-0.000506219990591731,108675
0.000149148569854034,500014
0.000816613992571158,500022
,174360
0.000463918424823608,261250
-0.00148036894375569,203780
-0.00129873313260034,550012
0.00123756286293506,510001
,253250
0.00632507638841601,001465
0.000396528086511217,500017
0.000562231412511631,500018
,18064K
0.000409966837953937,590017
-0.00448397081967499,269540
,272910
-0.000409131702181183,276650
,152380
0.000860682367638305,304940
-0.00144490499130988,015020
0.000533319676399532,003495
,200250
-0.000975425666924156,002420
-0.00430618073500063,001770
-0.00250100527921955,211900
,152870
,306520
-0.0054808051225097,004920
,276970
,123320
0.000390977114822525,520012
-0.00294614250703666,243880
0.000661293818600793,289040
-0.000143734722854801,230480
-0.00056029146138523,590006
-0.000213343412948134,500003
0.000766296758133835,550011
0.0132560597965386,000885
-0.00289685690389908,520006
5.72671019113138e-05,520003
0.000266303005977568,139270
0.000234521511691832,001685
0.000144675446335128,000087
0.000207384285147778,322410
0.000346008902731643,500024
0.000727858717052948,304660
-5.52804489721837e-06,227540
0.00112384610838093,003925
-0.000593776899414109,001515
-0.000903644176204078,300640
-0.00115130036920548,204210
-0.00022463681870498,266410
-0.00100655623767496,004365
-0.000371457911775956,500035
-0.000886759846469445,530062
-0.000317515399608733,219900
,329650
,108590
0.00322439874787461,008500
0.000642938285704823,225800
-0.000881028406841847,500001
,153360
-0.00348448461187093,003535
-0.00252743742089983,138540
-0.0004083937091223,530016
-0.00353391932235298,009415
0.000298060717826582,530020
-0.00168821714643833,137930
-0.000232419810331651,251590
0.000317326390017222,010580
,237370
-0.000120852712050851,570023
0.00408743995293101,550058
0.00441728006154571,253160
0.00136014281196324,011300
,114460
-0.00156118663819656,530022
9.74635859918148e-05,195920
-0.00156622260470265,229720
-8.28824819690821e-05,590012
0.00120360603738498,590013
-0.00275883290127755,000725
-0.000683912403888431,500004
-0.00252123884804623,139250
,152500
0.000384787062325159,520011
-0.000870498950045841,002025
5.85954920575667e-05,279540
0.000828811475690431,500023
0.00369844597048084,004835
0.000220734429491462,500008
0.000172989625751765,319640
-0.00203937044138784,530011
0.0126593859094866,025890
,295000
-0.00122222668798067,117700
-0.00145157256896019,530009
-0.00178796224014678,256440
-0.00218766641839656,500036
,550041
0.000334706314544901,500028
,285690
-0.00185802302345465,550007
0.000611986923753666,284430
0.00219109682477054,570026
-0.000220411286090227,500030
0.00467344269426273,019490
,292730
-0.00246325076026238,000225
0.00160496489193585,145995
-0.0117002481762954,244580
-0.000250760657303312,237350
-0.00148488599715022,304760
0.00120493279929719,281990
0.0201951910410836,008355
-0.00048629710225813,287180
-0.00277710866859002,002355
,182490
0.00121759174454552,315270
-0.00140647206863365,550005
-0.00128142578381435,530065
-0.000372520203013255,185680
0.000753587639105213,210780
-9.55768757589955e-05,007815
-0.00368659107959641,004105
,236350
-0.000557354231063769,153270
-0.00416959931918976,00806K
0.000463454747954342,015260
-0.000604170271592936,001755
-0.000707577298055788,000075
,208470
,183700
0.00368266539256119,510010
0.00090953280454285,248270
,305050
-0.000448825691046184,277540
3.54800586592903e-05,261120
0.0033656849705025,310080
0.00163324631243385,570027
0.0005417888408562,143460
,152280
0.000999976255891291,500002
0.00515201729045495,000995
0.000601392591366507,309230
-0.00665709762035822,012205
-0.000195695045753866,272220
-0.00105178519969175,280320
-0.0021044156467864,001745
-0.00046393699249537,550006
,530008
0.00242813696203305,520007
-0.00464072089503217,510005
0.00312735075057247,000545
0.000185092204770599,500006
,292750
-0.0038018537884823,266420
-0.00378550681741991,004985
-0.0012274262291886,244620
-0.00420666635144384,550016
0.00393289362862811,306950
0.000839344488335069,167860
-0.000247070880989059,277640
,140950
-0.000121071942078306,550046
0.000286312003310986,500013
0.000244513393264314,331910
-0.00151087750659083,530006
-0.00530779519595433,261060
-0.000215281165099314,004255
-0.000420486449875921,225030
-3.6973784051893e-05,308620
-0.00187393036105684,550015
,289480
-0.0036132619055194,316300
-0.000951225470532678,205720
0.000320686058619708,248260
-0.00551823099075552,004415
-9.95789042186983e-05,139660
-0.00412506326849556,228790
-0.000566405169476999,520015
0.00110931105801956,500040
-0.000902595259884453,500051
0.0004022969483084,168300
,276990
-5.53600327758029e-05,104520
0.00145904682554364,307510
0.00084198689100751,218420
-0.000655574900263573,277650
,251600
-0.000820636116042499,530003
-0.00111277928291954,271060
,239660
,266160
-0.00175701982420916,005725
,500010
,590011
-8.54350634647005e-06,237440
-0.000636966462856553,500007
-0.00518107380490506,006345
-0.000551887378491888,530063
0.000369846136219139,329670
-0.000196294921067213,500011
0.00128015846532149,329660
0.000694421746275083,241180
-0.000377197723953084,280920
0.000275189358368292,300950
-3.67154424433209e-05,500005
,117460
-0.00256830035136294,276000
-0.000351157386304709,122090
0.000801123355789832,014285
0.0145231768108728,291630
-0.00159528613834353,570028
-0.000903615960589431,275290
-0.000105251914419779,510003
0.00102296785537843,500021
0.00325122869138663,003075
-0.000129134602896038,227570
-0.00166045785183883,253290
0.000342987840022314,104530
-0.0027167743716133,225050
0.000913905826226729,269420
0.000885860152448803,520010
-0.00338918374505808,228820
0.000481153426701167,005745
0.00279828255499656,252730
0.0016291969767088,530002
-0.0117715381598444,002785
0.000791668783579347,570021
0.000287519228706704,26490K
-0.000309579349286841,570020
,290130
0.00166429149563066,174350
-0.000501185842992913,530056
0.00195829630897934,570031
-0.00426911044352085,002995
-0.0013025438665157,245350
,238720
-0.000149710360176099,280930
-0.000496788870168648,322130
,138520
,253150
3.61177002316899e-05,220130
,183710
,266550
0.000488971850432113,100910
-0.000329034283781318,211560
0.00161824363105397,001795
0.00118037708830108,011155
,160580
0.000407382750079616,260200
-0.000331958586120654,570025
-0.00493090601200454,014915
-0.00234851042557795,139230
-0.00019459516416249,292560
-0.0185606724734382,004545
-0.0103592796103703,530004
-0.002013042282193,261070
0.00117525831743559,298770
0.00522793892650377,253230
,298340
0.000565383747010447,271050
0.00102630890557481,131890
0.0012439850756442,101280
-0.000753891105531981,234310
-0.00630803675358722,014825
-0.00312264288029002,139320
-0.00242021895334522,530007
0.000119993463096005,200030
-0.00108629676808225,319870
-0.000200484607726158,265690
-0.00233772243653656,001065
-0.000395838684253908,138920
0.00545499770281936,307010
0.00104586630316351,147970
-0.00130076571807715,084695
-0.000615367540483662,004565
-0.000224962293078993,217790
,289670
0.00861901206556448,570032
-0.00279389341550811,225060
-0.000357169155948347,292570
0.00277154520142389,550045
0.000149146429502264,261110
-0.00435308792356798,520005
,145850
-0.000158628372424207,138910
-0.00051699113258562,322150
-0.0089547524576848,243890
4.66671397130975e-05,267490
-0.00463985306497747,196030
,105780
-0.000143708878457005,252650
-0.00108328740826414,530010
-0.00048000320059934,117680
5.03057264367403e-05,181480
0.00227655418672421,000145
-0.0003319707162735,138530
-0.0016190347488167,117690
-0.000393340715426109,530064
-0.000847915738909051,510004
0.000851130596747244,510002
-0.00150646138483359,189400
-0.00139276425000814,251890
-0.00682885162731787,016385
-0.00490670565929218,250730
-0.00225952811752914,256450
,272230
0.00176436045145063,296710
-0.000948626462948745,139290
0.000802009608775435,140700
0.000125440411316857,261260
-0.000903534145281243,105010
0.00323097923401627,500041
,241390
-0.000137844254758556,292580
-0.00267808410902918,292130
0.00044190507473075,275750
0.000143600447488821,292340
-0.000749282855110731,102960
-0.000190985585538476,192720
0.00946329117579265,090355
-0.00199754788612245,139220
-0.00172381891260692,275280
-0.00168097763823243,166400
,238670
-0.000160482983925162,267440
,157500
0.000370505743056957,275300
0.00107903751668046,145670
-0.000660786659301646,309210
-0.00363145262893802,005965
0.00101379848617415,170350
-0.00124763710442783,211260
0.0009047030961131,291680
0.000724352209184059,291620
0.00214402169546138,261140
-0.000845687865880085,213630
,260270
-0.000230262279872109,292590
-0.000896668291664574,301410
-0.00181906512419527,098560
-0.00126732633252349,266390
0.000296224536091143,322120
-0.00120371231067538,291130
,302180
-0.000833708908780095,000227
0.000708373098387933,253240
0.0010835361562554,001067
4.83774893544163e-05,261270
0.000837085369866597,289260
0.000917732658375463,291660
-0.000685186619978948,287330
0.00106933513788132,244660
-0.00193833446296717,314700
,252720
0.000208649847693164,289250
-0.00272141084541895,253280
-0.000279764871968174,290080
-0.000592761075621873,550043
-0.000969907094537876,00781K
-0.000188332636618437,269530
-0.00336785826868723,510009
-0.000935073946799504,244670
,292770
0.0153259958887379,306530
-0.00125471378436775,252000
-0.000733585953060811,091220
,301440
0.00137814577165919,252410
-0.000378693054827809,226380
0.00206227820783713,261920
,299080
-0.00029740607595884,001525
0.00170228595256353,500038
-0.000637340010168836,195970
-0.000597879576746825,292110
-0.00294057922453816,228800
-0.00163178114592619,307520
,226980
0.00323988698154287,291610
,299070
2.95055011363688e-05,309170
-0.00226691240870689,510006
-3.80706992218668e-05,326230
-0.00123840905857354,269370
0.000894312203382732,315480
0.00180483277280235,301400
-0.000120765215165899,304670
-0.000820216480996097,001527
-0.000491271896369095,300610
0.000379644283359508,009275
-0.000180380757202177,227560
-0.000303781569153698,307020
-0.000150568390251321,291890
0.00139223988240182,550042
-0.00488465431991791,002787
-0.00114428994740861,292140
-0.000818711423125743,321410
-0.000521496870999921,300290
0.000216599102560249,267450
,295020
,295820
-0.000561799438442352,292120
0.000162493295613017,140570
-6.75079701171749e-05,280940
-0.00298451313670067,000547
0.00041978387418627,292100
,278420
0.00261045083243464,000325
0.00236148413245451,307610
0.000535592294629517,140710
0.000506830003804505,300280
0.00154644046767305,139310
-0.00256600699260536,284990
0.00103179160628261,227550
,302200
0.000227442156690446,267500
,140580
,302210
-0.00083137392789963,287320
-0.00418050231168036,001529
8.22831039005539e-05,217770
-7.16704041914832e-05,139240
-0.000751703612982308,285020
-0.00154226226414225,285010
0.000339147394896797,284980
-0.000635932167535103,287310
-0.0051813094973257,287300
0.00391802749838998,091990
0.0223343841929746,096530
-0.0050314280899929,028300
-0.0178080279195186,196170
-4.84341461470805e-05,068760
-0.00211368889276431,035760
-0.00577363868752278,095700
-0.000371604721261512,247540
0.00091807100783269,263750
0.0017280935075024,145020
-0.0054490504536048,032500
0.00175670829360075,036490
-0.00614654926295072,253450
-0.00166864746566242,058470
,268600
0.000927288429155055,060250
0.00119321486867601,240810
-0.0165216969710465,140410
-0.0171232388462952,278280
-0.000190394398491236,078340
-0.00968626976701238,200130
-0.00784060614675542,005290
-0.00578173456704239,056190
-0.00424329573624949,141080
0.00183353631711153,039200
-0.0079238096071065,067630
,000250
0.0115064700512892,069080
0.00360442143719067,030190
-0.00351353602604476,298380
0.00889932993404804,237690
0.00358868394205111,034230
-0.0110096600121715,098460
-0.0158122876482476,035900
-0.00115280702425391,039030
-0.00378536875832882,086900
-0.00236091584848108,066970
-0.00451699657568687,064760
0.0017059935924076,086450
-0.00602690129666993,950130
-0.000892042550579155,046890
-0.0013092579903267,022100
-0.00893265972114534,214150
-0.000396523382454461,086520
-0.000653040211625145,028150
-0.00171271836864523,085660
0.0132761737935276,215600
-0.00650896171713021,088800
0.00299941746489947,082270
-0.0112100914025507,053030
-0.00130713775758906,178920
-0.00555205767578816,218410
-0.00389437862567773,036540
-0.00446666215297791,041960
0.0117631473211226,230360
-0.00103516664922654,206640
-0.00306662289220963,183490
-0.00405609892305016,131370
-0.010819483682029,108320
-0.00176971882488652,025900
0.0100647075360008,122870
0.0102259298931457,101490
-0.00420741792166945,067160
-0.00882988109396017,115450
-0.0128315831473212,213420
-0.0119704099424254,025980
-0.00579760711035317,112040
-0.00183783741506893,083790
0.00584674079122884,041510
-0.0154772657664647,090460
-0.0140789752972492,033640
0.0140872494381973,178320
,214370
-0.0067540635209247,018000
0.00645466751442938,089980
0.00242520012344615,053800
-0.0174401571510483,084370
-0.000370784273843405,092040
,058820
,003380
0.00556856418396734,078130
-0.00034425008915935,097520
-0.00122391460189597,122450
0.00387509412908562,108230
0.00634590013433742,214450
-0.00159560817121414,131970
0.0108685753350966,078600
-0.0174835905765658,245620
,068240
-0.00364333068304129,007390
0.000805210743057302,243070
0.00624935690331931,102710
0.0161365326452005,100090
-0.000432943255775067,048260
-0.00769008314833668,035600
0.00195020923678813,222800
-0.00806132472344636,200230
-0.0043795476419058,042000
-0.0253282741336895,064550
-0.00245296891725359,091700
-0.00431496806269982,151910
,267980
-0.00818650302732651,253840
-0.00140645104219672,084990
-0.00243650927765364,033290
-0.00392845792394042,206650
0.00206379639240462,053580
-0.00124513481024989,095610
-0.011981082789424,086390
-0.00649940600645286,144510
-0.0100038313326796,031390
0.00831124718499142,138080
-0.00197348051460937,050890
0.0150538355856601,078070
-0.00604531858850467,263050
0.00290884262031893,095660
-0.00885103184791266,097780
,078160
-0.00724800079600516,059090
-0.00294369401119041,100130
0.000184523296120948,039840
0.00105825484628035,182400
-0.00898035840589128,319660
0.00177933946807718,137400
-0.00822603442841388,048530
0.0105779235037211,299660
0.00472949556079108,215000
0.00192935576273282,003800
,023890
-0.00510565958042829,032190
0.000597220069884663,032620
-0.00526615606505443,226950
0.00265948167018305,284620
0.00149346412903206,041140
-0.000897607052239167,060150
0.0121884524095495,052400
0.00472716244508475,215200
0.00237354595558755,166090
-0.00454899459433649,029960
0.000568620991305302,122990
-0.0271988076433349,238090
-0.0128400109110032,042040
0.00177786115558524,030520
-0.00172937191266195,034950
-0.00055863287061797,232140
-0.0115500809608196,272290
0.00572136977612964,036830
-0.0137419584261497,074600
-0.0076184071960644,036810
0.0261108875463657,045390
-0.00569521236506344,131290
0.0347552568838181,060720
0.00207996690438542,140860
0.0101625133675634,174900
0.00492824341587837,093320
-0.0026977361158894,061970
-0.00121741569905317,263720
-0.0114689408226536,048410
0.00479237815121625,065660
0.0286571650230038,192440
-0.00145431806126551,119860
-0.00325315400342814,222080
0.00145925853291805,214870
0.00206663100687127,013120
0.00390219560413687,039560
-0.000774339777687542,082920
0.00420072674149283,099190
0.00586038674895795,038500
0.00496900393214223,102940
0.00460085912040953,027360
-0.0178451360720262,166480
0.0033057804901005,228760
0.000457918857190407,044340
-0.0129975443537117,006730
-0.00690157277874524,046440
-0.000258260047567127,057880
0.000854844054366739,072520
-0.00338866950330652,073490
0.00170286269467512,052260
-0.0168405385955863,175250
-0.00458392066178209,104830
-0.00108691239878821,064260
0.00128276911868378,183300
-0.00646417304293353,289080
0.00253917716648216,036930
,025320
-0.00688158290964309,084650
-0.00985975858141792,089030
-0.0115838954763762,205470
0.00451033878045496,038540
-0.00583900154076056,109820
-0.00238105795216883,078020
,030530
0.00951893533519709,194700
-0.00551104568462035,023410
-0.00216270736720459,078590
-0.00512807927211715,084110
0.00188417915378187,047920
4.50047191207226e-05,230240
-4.91003103066328e-05,067000
-0.0230336478776252,142280
-0.00185911521788817,216050
-0.0277876808121528,066700
-0.000556071260054081,025770
-0.0491221956322351,293780
-0.00509997488318103,080420
-0.00449771657797777,200710
0.00314003810277198,220630
0.00925192871960833,290650
-0.00212169569654157,051370
-0.0131715211914207,127120
-0.00272359022585185,043150
0.0160272766573632,057500
-0.0187089735131971,121600
-0.00825821924835542,265520
-0.00589968294702351,016250
0.00508850242896361,015750
-0.00274166033952561,049950
-0.00553537342910434,053610
0.000550226103745589,052710
-0.00659693973776587,187420
0.00218382937388453,317330
0.00120951399039613,092130
-0.00607696930980213,100120
0.00124084484355299,110790
0.00414501380990406,038290
0.00575217106619047,041190
-0.00700137535704952,241820
-0.00511009759208162,011040
0.000850705640611881,243840
-0.0200646645732953,082800
0.00611870915721425,089600
0.00351058649897871,033310
0.00593071040449045,138610
0.000270399372120799,047820
-0.0045651540041365,017890
-0.00633241740003692,060570
0.00464493944525188,121440
0.0126172900058223,089970
-0.00938173875711712,047310
-0.00345185797921973,143240
0.00376133082929604,018290
-0.0031744027156117,136480
-0.00131523763172235,049070
0.00220428083604512,068330
0.000161980299461918,045660
,237880
-0.000161580128887238,065680
0.0233565857118778,208340
-0.00728059674234934,044490
-0.00540581695675427,080160
-0.00919821886985311,131390
-0.0085958132959434,010170
-0.00927203990262558,115180
-0.0104760299037703,040350
0.00717797827466082,144960
0.00280413728391723,143160
-0.00723085751679597,217270
-0.00221746465779778,161580
-0.00401476701276398,061040
-0.00207904353269886,040910
0.00254820316897482,234340
-0.00847715709609867,033500
,950180
-0.00465890045474371,089010
-0.00120367058115371,052420
-0.00576391447143905,052020
0.00159610833543655,095340
-0.0038968147980928,153710
-0.0020634813795759,039860
-0.00535810875244964,228670
-0.0111505801936612,023900
0.00290525325680747,207760
0.00795893235145836,256940
0.0153984254000933,058110
0.00120179961718784,090850
0.0167625552851474,067080
-0.00569949322297387,012790
-0.0112378984485704,118990
0.00261628724672649,058400
0.0187751464671672,121800
0.00217501181351738,087010
0.000711726464810189,035890
-0.00117000615266199,119610
0.0122432602137801,251370
-0.00386421842105435,101160
-0.0144974293902128,126340
0.00788791276802373,101360
0.00243404386621334,043610
-0.00100019479463817,036890
-0.00620394226573683,095190
0.0166882591508575,148150
0.00143069143294783,225530
,036800
-0.00140509544722534,039440
-0.00170747271335455,083310
-7.95269481985611e-05,053300
4.75144458951249e-05,115960
-0.00813782704359583,042520
0.0017966957114206,067310
0.00155149020644954,048870
-0.00468836431735755,053980
-0.00668239442969637,217600
0.000782788526209098,031330
-0.00918389430713892,045970
-0.0178251139852084,066590
0.00353186360492241,092730
-0.0124720545180396,239610
-0.00198173604080466,225570
0.00250758393266657,065530
-0.00569369035911723,189300
-0.00576936853444934,053280
-0.000743279613839576,200670
-0.00285614821607072,067280
0.00996029336724646,123860
-0.00866899815514188,035810
-0.00634161565748063,068790
-0.00159188886483464,067290
-0.0035273502448639,111710
0.0019359949851429,065450
-0.00963328750078859,099220
-0.00147764682450335,256840
-0.00814346776805848,027050
0.00169338839154048,054950
-0.013376608177947,060280
0.0167906446273316,217330
-0.00718896372260395,123040
-0.0224898801142276,288620
-0.00237924861305814,191420
-0.000244029889866986,041830
0.00288848460634887,006620
0.0102458023869269,214610
-0.00260685964103935,036200
0.00948815510891832,067900
-0.00138519848027889,018120
-0.0022146314657841,063080
-0.000451395920754423,179900
0.00586096812517916,203650
-0.0124037712404826,063570
0.00297499590866567,033160
-0.0385473087250201,290670
0.00574104282964446,061250
,045100
0.00807336622277303,236200
,045520
-0.00518338896647817,038460
-0.002546247350592,086890
-0.00748766572679523,005160
6.63942278965702e-05,049180
0.00668620977428266,051500
0.00149119473253185,270870
-0.00420280673142513,136540
0.015176185537264,126880
-0.0227841569251675,067170
0.00492105326238512,195990
-0.00211605530059601,206400
-0.0102403335470829,079370
0.0464197912619129,225220
-0.00443621971070285,065950
0.00049222416127277,088290
-0.00359271473799312,050110
-0.00295674022694773,125210
0.000281729816668926,123420
0.00401540301007038,228850
0.00168897415842597,054780
-0.0105424517921059,214180
0.000611172109501828,034810
-0.00712476189726753,120240
0.00757434298652553,012700
0.00112069073945112,138580
-0.00910571510278959,065170
-0.000892888945727237,057680
0.00064280537989525,217730
-0.00227844208335895,036030
-0.0115738473543499,201490
0.0141621477537326,086820
-0.0153827486575363,037460
-0.00130263377970809,036630
-0.00425306955180941,282880
-0.00536248561744916,263690
-0.00245894820778758,074430
-0.00463456030579999,079940
0.00182039055254932,037070
-0.000940840731662653,009520
,251970
0.00111085700474132,023910
,035080
-0.0027555467306325,104460
-0.00263431865005763,072020
-0.00420167222801702,302430
-0.00777878584174535,036120
0.00430367293528768,042370
,302550
-0.00394598886179661,950110
9.08250405495803e-05,099320
-0.00468228188778304,014620
-0.00160864334813017,077360
-0.0030501399809231,086980
-0.0019784295517739,200780
0.00023675184452297,222040
-0.0061877664524193,054450
0.00110618035130109,256630
-0.00195213564378775,036190
-0.00577628345101226,091120
0.000505807829793714,030960
0.0023191391580021,267320
-0.0016274031734298,054670
-0.00668382798127654,102120
-0.000293954098580921,041930
-0.0124706502829019,126700
-0.000548838910602957,023760
-0.00553266770797214,285490
0.00296088150416329,106240
0.00117361658619495,187870
-0.00310069737661607,176440
-0.000760102558785225,091580
0.0197518449093974,208640
,255440
0.00219585149471785,043370
0.0011413140601547,023160
-0.00650926647874458,100790
-0.00171122460838833,051160
0.00245011472887738,087260
0.00684833598271433,203690
0.00319875646144008,001540
0.000809292618970791,051490
-0.00291294629141588,038390
-0.00347524624995002,067990
-0.00836979447531875,264450
-0.00716589329722346,060590
-0.00264423526442234,068930
-0.0158175040389376,011320
-0.0096805607353751,086040
-0.00211857239851481,003100
0.0351921483601775,155650
0.00464090894067856,290720
0.00085997070377585,054050
-0.00520795104038759,096240
0.00226071580071199,019210
-0.00574879917791584,100700
0.004548287415045,214430
0.000269382574195036,130580
-0.020046188003149,006050
-0.00122932622219898,071200
-0.00134350626498032,215360
-0.00476543934046436,305090
-0.00196776864247957,033320
-0.00302052840466049,054920
,104480
-0.00190295175583793,049960
0.00141167497769557,021320
-0.00308084989862264,037330
-0.00167144023357571,094170
-0.00790099114765257,065650
-0.0078297215384102,034940
-0.00325052964264384,031980
-0.00568057249092452,032850
0.00602316847322275,151860
0.00407079147114173,060900
-0.00519627254396538,082210
0.0195676133181215,220100
-0.000737940927931748,238490
-0.00254531994903922,082850
-0.00301564571602917,065130
0.0125409951116297,080580
-0.00378504230029285,239340
0.00320654571961068,065350
0.00983595921751357,220260
0.051397910756533,114450
-0.00178565824601087,068940
-0.0152491103800957,064290
0.0014722094921453,014470
-0.0122439495940989,196490
-0.00521358549031383,160980
0.00268234595385315,259630
-0.00292148798023221,950170
-0.00244286087654533,290550
-0.00823575697543307,058610
-0.00174221767779909,048550
0.000756498805809756,241790
-0.00212709139387056,109740
0.00253391428438932,033200
-0.0232370986712528,170030
-0.0104844297035376,078150
-0.0037673142859604,032820
-0.00706374529372496,100590
0.00307232312358548,057030
0.00327238137873032,137940
-0.0062670208554878,046210
4.19229208342821e-05,111870
-0.00102512424383764,011370
0.00300602635414422,226360
-0.00520500542339901,072870
0.0115042879945935,108490
0.00623402737253308,227950
-0.00313147409195234,013030
-0.00881522507797128,083930
-0.00524861251467463,083450
0.00663704551358286,038880
-0.00380465411456016,083550
-0.00670966645324472,263700
3.59940685787189e-05,171120
0.00133488200464418,096630
0.00379481512728663,023600
-0.00286103011470303,091590
-0.0047097111873452,042420
-0.0024686368262626,281740
-0.00285662768811494,080000
-0.0184341131856165,156100
0.00461276075662123,054620
0.00270966306243195,073560
0.00581960580839747,064820
0.000813308759003824,019550
0.020821460790413,178780
0.00935851671806567,094480
0.00747405325940877,092070
-0.000400060405448442,054800
0.00218565656544162,040300
0.0167052299736553,054210
-0.00808569924689593,179290
0.00257887597097268,260930
-0.000986304251265478,105740
-0.000834835143007816,159580
-0.00252594475014393,092870
0.00142362775060336,108380
-0.0061125421469526,080720
0.00688782054792944,138690
-0.00285048320506716,041520
-0.00141763104225845,190510
-0.00150091327272506,115160
-0.00716082929808706,122310
-0.00707660004371326,013810
-0.00393214323078899,060370
-0.00582286298347498,263770
0.0105134742056911,182360
-0.0128952391517678,241710
0.00125547346171859,149950
0.000588429553883266,048430
0.0132889466320516,299900
-0.000684017819356875,041910
0.000941859600873438,241690
0.0149664875758411,085370
0.000730454839517263,079960
-0.0026786162833197,258610
-0.00654248616775544,131030
-0.00411306435497222,007820
-0.000760198862282814,137950
-0.000908125752270506,036560
0.00150926563479513,060230
0.00208472633379138,014970
-0.00193080590462716,205100
-0.00414062480865982,066310
-0.000246224030634442,041920
-0.00747710789653352,206560
-0.00271390956029231,052330
0.00580151304778083,041460
,007330
-0.00240787504219978,090360
-0.00356603927029742,052790
0.000578491926799905,261200
0.00877139753396698,060240
-0.00462212599609907,312610
0.0199400110702013,217480
-0.000789469520729716,900310
-0.00278401048387164,027710
0.00463740104350947,185490
-0.00826926152755342,251630
-0.000577033291610644,002800
-0.0119462272691276,043220
-0.0095116453551784,080220
0.00931516157812107,099750
-0.0031907112332568,046140
-0.0117177790793962,122640
-0.0143444535443528,139670
-0.00380296704639846,053590
-0.00492109230019615,214270
0.0013806376213843,093920
0.000841363070021715,067570
0.000364901573763854,039340
-0.000655644757865314,110990
7.81554885717443e-05,036670
-0.0128016795772167,094860
-0.00324553564564704,032980
0.00739943441108526,090710
0.0140988905856025,050760
-0.00566632202350993,052670
-0.00250426541856936,066620
0.00108046214118121,263800
-0.00165855534737048,005710
-0.00108706228607927,073570
0.00220513857587306,021080
-0.00484645408946705,900250
-0.00264223962762296,057540
0.000982458062545872,122350
-0.00322881472239805,095910
-0.000545312681630352,241770
-0.0026359209288518,004650
-0.0177701637081829,260660
-0.0067097293538241,065710
4.85601339077491e-05,042510
0.00989673429352405,229000
0.00309931724537746,253590
0.0197616934342363,217820
0.00161194595487949,089890
0.00265766301856337,038680
-0.0010151591106272,043200
0.000306958139979426,065060
-0.0030075234076703,078140
-0.00213126931119792,037950
0.00162373357036901,148140
0.0245348703531594,109960
0.00237014042936368,013310
-0.0227619964900891,094360
-0.00328360889146673,290380
-9.22224411261769e-05,306620
-0.001964929700096,035610
-0.0116021347987817,263600
-0.000165268979734906,033540
-0.00338757359391136,053700
-0.00710844751918166,018310
0.00164329125061022,024950
-0.0089037001127166,140070
-0.00651756266342159,090470
-0.0067599421284481,005990
-0.00117406356440611,047770
0.00512052274200448,044960
-0.00472398306094621,234100
-0.00179267937208731,225330
-0.0187532782201775,038870
-0.00813186716842704,073640
0.00633227295721777,224110
-0.00193604283958694,200470
-0.00372766583496057,095270
-0.00261148773791915,049480
0.0294666814110651,174880
0.00160373127557117,015710
-0.00892116527390474,035620
0.00269785983150038,123570
0.0299039110913334,079810
-0.00317115048375375,033560
0.00857390618053622,060560
-0.00219935359037744,086960
-0.00951752463236932,007720
-0.00104414834726025,105330
0.00135359210784728,160550
-0.00281535544464021,211270
-0.00554862035425634,141000
0.0017429634980584,007680
0.00513449938968967,065560
0.00942727519134274,192250
-0.00193575813117916,289010
-0.00442953300885867,150840
-0.0115727675957919,114810
0.00457775142136312,124500
-0.00387897982006216,014570
-0.00491394263209255,067390
-0.0119044099910719,038340
-0.00134751484234312,008290
-0.000598875548214395,204620
-0.0122356830966429,046120
-0.00133712590362762,131400
5.31156160865762e-05,089140
0.00193179807014549,096040
0.004135801459528,242040
-0.00114370315894666,009300
-0.0128928761868192,290740
-0.00661494109728988,026150
,069510
-0.0143583331944113,277880
7.84234392109321e-05,071670
-0.00548388277687759,078860
-0.00166770063010169,051360
0.00201975996822361,024810
-0.00336734426706672,001840
0.0164897249921758,109610
-0.00542843762231585,265560
-0.0170399064184949,246710
,131100
0.000186769794067042,069920
0.00458534436232253,065500
,046940
-0.00213164107458112,019660
-0.000981667239427295,194480
,040420
-0.000121879317796133,089150
0.0121994609044796,049080
0.00314309347670498,084730
0.00213574226083296,072470
-0.000473280331794799,025950
-0.000277848769414937,222110
-0.0102213062686334,142760
-0.000526627986470432,014940
-0.0164584881124529,064240
-0.00457877855835785,226440
0.000790149889025926,219130
-0.00105337214755031,039830
-0.000509235255895598,148250
0.00326691890998565,018680
0.0160772901946795,104540
-0.00983768935011357,064800
-0.00395934513075528,056080
0.00287659547710209,141070
,307930
0.00370440113160825,215380
-0.0011932395551348,038070
0.010479690752267,033130
0.00151777453282522,217500
-0.00959612532895817,104620
0.00022439111753802,020710
-0.00691150801336333,058630
0.00173509328377985,198440
-0.00194989873876622,225190
-0.0193331236637522,241840
-0.00433676728329574,119850
,060310
0.000649268559305705,022220
-0.00225469172054808,037230
-0.000590543207121428,056360
,016600
-0.0120266795739222,170790
-0.00526080952412523,038530
-0.00227885032435961,092600
0.000243308330370537,040160
-0.000710416071221331,006910
-0.00136087654265771,119830
-0.000499729389513837,033830
-0.00579206142932848,104200
0.00387538079536246,069110
0.00104265395718302,036710
,024060
-0.00253922472699769,052900
-0.00257514657216418,042500
-0.000531383339228716,250000
0.00663105158321375,269620
0.00669548602808257,078890
-0.0029428153822881,133750
0.00301692223676922,051980
0.00616752014193045,054180
-0.000751315746102246,006140
0.0252702471899389,089790
-0.000236997779573082,036010
0.00313960619702205,066900
-0.00240902676702726,173940
-0.00355493131319365,047080
-0.00293965546949259,123840
-0.00968584048920098,071460
-0.0158226330535146,215100
-0.0028641820959494,068050
0.00181560752020674,106190
-0.00394803374781401,002230
-0.00794505385905159,246690
0.00393887643070872,950140
-3.89689972173286e-05,073110
-0.00901299414584246,139050
-0.00479103425665336,094940
0.000374144172772558,051380
0.00344544574005843,054090
-0.00246169692984835,053350
0.0124013166258365,024880
-0.00509599874745759,252500
0.0057657100111066,088130
-0.00906533236348141,117670
,049520
0.00423159642720137,170920
,014200
-0.00390337982914865,016790
0.0045069761546634,019770
-0.000605354495498343,066130
0.0180063474593792,042940
-0.0153563653447972,303030
5.95717606071133e-05,013990
-0.00413768159670452,009780
-0.00268779423042313,126870
-0.00291311938446759,083640
-0.00833618972840093,027830
-0.00761513867383378,038060
0.00953157904999422,089530
-0.00131915985782164,018700
0.00734138463476472,115440
-0.00529161094262307,012340
0.00258834087830421,044060
0.0100560174198791,063440
0.0011047644613547,094850
-0.00888264938870653,126600
-0.00189669633149572,093190
-0.00279499466776647,065510
-0.000651273712377008,131220
0.00499064190723947,018620
-0.00111910547356657,250930
-0.000113295330670799,273060
-0.00228176406460306,032790
0.00136652039751405,048910
,012860
0.00109753844531794,047560
-0.00585111708282623,093520
,089230
,123010
-0.00539273460685541,142210
-0.00495289343775333,072990
-0.00356282125702286,003310
,088910
0.0113570841173164,016670
-0.00140275004886254,031510
0.00301199235747216,123410
-0.00106543533762799,094820
-0.00198494000116926,033100
-0.000724705620052557,063170
-0.0266682470821618,065620
-0.00488650951929781,101330
0.00472646961720189,241520
-0.00228452527270946,037030
-0.0102344744475269,313760
-0.00568267966196436,025550
0.00139149223109547,007370
-0.00557700088091151,099520
0.00551970817202243,090740
-0.000585132600787797,270520
0.00119700575868009,221840
-0.00261035350055821,222420
0.0200770948095515,071280
,049720
-0.00161522766229435,045060
-0.0125434261776787,106520
-0.00382563882193827,043650
0.00646138112411077,177830
-0.0118429610547673,250060
,056700
0.0015974888559581,115500
-0.00302082210742877,066980
0.0036314356860117,050090
0.00185298447764397,049430
-0.000142632300106784,041440
-0.00882746871712374,214680
-0.0142631881360922,029480
-0.00353917868562874,033340
-0.0035911717760571,052300
-0.000911422702625231,238200
0.00119184433447387,109860
0.00317771629064071,258830
-0.008363495920453,081150
-0.00474507340674091,208140
-0.00829312213881424,110020
-0.0157737922983898,043340
0.00215669818234005,065370
-0.0127416530185162,224060
-0.0141859969987688,900100
0.00561421376459966,134060
-0.00948828926513285,263020
0.0272764065111903,219750
0.0157352792885118,033230
-0.0150268808250343,050120
,083500
-0.000377706788186105,264660
0.000821144307251797,050960
-0.00343971865437589,140670
-0.0228927030914606,023770
-0.0133000829125804,021040
0.0240031923272607,052600
-0.000315709259848559,024120
,290120
-0.000663278655914138,019010
-0.00773551804229239,255220
-0.00580142367896608,043910
0.0045032668635233,238120
-0.0054700393699438,299910
-0.00801474157409547,066410
-0.00626705898377216,053450
0.00194246258254346,101240
-0.0134857094906044,300080
-0.00299951928238987,150900
0.00177788119110879,062860
0.0019269489663892,017650
-0.00368029112119768,187220
-0.00265010907636245,277070
0.00245323901812596,036690
-0.00347679112722697,052860
0.00294807661082057,006580
-0.00343135319802548,025440
-0.00108645609808244,053620
0.00231772677030273,054540
0.00165844085332229,264850
-0.00454751856187918,060540
-0.00618933400155027,196300
-0.00830945522379336,219420
-0.0115689638676039,096350
-0.0136587192700269,171010
-0.00196537676282065,217620
-0.000828663044795799,004780
-0.00693473220475682,226340
0.00128830811479092,104040
-0.00949204853625174,246960
0.0105253427788718,215790
-0.000436961979787213,307180
0.00233805543179821,086670
-0.00778296265395919,193250
-0.00328904052062113,900340
0.0064835639622644,189690
0.000713764082158619,005860
-0.00501187608651286,039290
0.000655223799229702,042600
0.00149800302991627,097800
,004590
-0.00854471317173905,101170
-0.00195740459864895,092460
0.0055632405655042,100660
0.0180036599894719,219550
-0.00434636889750137,032680
-0.00074557673263888,019540
0.00427922525805005,016100
0.00288717730201987,258790
-0.00119765922305852,095500
-0.00580249880940201,039420
-0.00844234373359365,131760
0.00232788586511162,032800
0.0323910512765533,230980
-0.00289527936538425,024800
0.00726796506878938,020180
-0.00596425606869074,900290
-0.00836390823156488,010240
-0.00252923034221242,066360
0.000290859228590654,066670
0.00185531275654605,220180
0.00155698217747189,032750
0.00290726306954277,308100
0.00128611213423517,088390
0.00148995783036322,024910
-0.00927610249638633,204020
0.00246136529818407,130500
,036640
-0.0160231640967136,043090
-0.0158678445459252,263920
0.00686866747848023,080470
-0.000742511688538773,234300
-0.000771676904335813,037370
-0.0136895810102695,079950
0.00409930781418684,059210
0.00620373785707791,052460
0.000588778457243251,052220
-0.00402729672485768,045510
0.00184416193956727,293580
-0.00571287515723763,032940
-0.0222161319531274,225430
-0.0218440034859816,079970
-0.00192983713806215,205500
-0.00386353982942588,222980
-0.00126926955930941,094840
-0.00223447412216802,099440
0.0117017192101828,024740
-0.0108639718272188,036000
0.00333996468816845,023460
,039010
-0.00338706528627213,037350
0.0116465290963015,033170
-0.00306682466889191,108860
-0.0145457707324544,073540
0.00256894559682798,038010
-0.00559644866630594,080520
0.000159336114636548,053260
0.00432066817021289,097870
-0.00412258754526911,246720
-0.00680136162605352,131090
0.00681948283868472,147760
-0.00394906282337493,228340
-0.0132401067773326,143540
0.00443314074527103,017480
-0.00121299759471389,065570
-0.00305746263882541,196450
0.00513669157716766,096690
0.00541536681823129,267790
-0.00246924239991156,204630
0.0054224849853622,036480
0.00459004776665741,072770
-0.000493725493307614,046390
-0.00602403361431888,036090
-0.0487901641694322,318000
0.00878457564767959,089850
0.000448681142125953,017510
0.0038285647118076,114630
-0.00225488853263674,115310
-0.0049186144171526,027580
-0.00824295092581783,014190
0.00312319578748421,013720
0.00188640304135045,050860
-0.000475577143600974,037760
-0.00623084350034457,078350
-0.000484030420777846,038950
-0.00269837264883245,122690
-0.00762699541410013,011560
-0.000577504653350368,054040
0.00741652335496429,036170
-0.00144219120950786,010280
-0.00419694447853323,171090
-0.0564086808796335,222810
0.00393995213814784,189980
-0.0102504960172544,031310
-0.00882439622807703,041020
-0.005414993657614,083650
-0.00135611480288351,186230
-0.000354394980809136,067730
,039020
-0.005796211904127,021650
-0.00117253612274132,067010
-0.00539104211084042,090410
-0.00418463194309189,001000
-0.000539485045060971,075970
-0.00605981416923246,218150
-0.00704675638506478,069410
0.00209734829675709,080010
-0.00261959232640418,039610
-0.00648412665977347,073070
-0.00646385670950949,091340
-0.00109060455496479,023440
-0.00146446504969688,059120
-0.000468283830906735,051780
0.00520642236531527,900300
-0.00683954158840592,086060
0.00351452403204162,076080
0.00678559024525486,041590
-0.00254858310528993,046110
-0.0051049625123452,168330
-0.00212969653045914,048770
0.00779091623948174,076610
-0.00179872281929968,071850
-0.00798255534999403,028080
-0.00231318447483666,317830
0.00254791542094237,001810
-0.00383139866372902,036620
-0.0044370787067133,203450
-0.00551496129087406,011080
0.0031688569005079,016920
,037440
-0.00591447580090138,005670
-0.0207498037586373,214310
-0.00393684812077887,096610
0.00055695150437618,100030
-0.000378647658254769,053160
,900270
-0.00268663428059727,091970
0.00305833607934537,128660
-0.00426522597947819,277410
-0.0167707756092138,115480
0.00799095980347288,147830
,049630
0.00562690658586987,042110
-0.00305565435853783,024840
-0.00282089033518654,043290
0.00628984427214031,085810
-0.000262974853266466,049120
0.00103937245495347,049550
-0.00415448052542766,149980
0.0294685806220754,234920
0.000279495146016773,053050
-0.00693263142831777,290270
-0.00229337789949792,067920
-0.00201069125372104,014100
-0.00593647913988711,049830
,008370
-0.000361324201700533,010470
0.00685259568703259,153490
0.00130501436998894,263860
-0.00627995420243579,027040
0.00326175129919357,263810
0.000160360995764161,099410
-0.00256022747617893,215480
-0.00188775237366102,019570
0.0036539497388389,017000
-0.00667345091006772,060260
0.00288390542902503,213090
-0.0113033804077452,257370
0.00315488043126506,127710
0.0017072268317259,221980
-0.0183893369310486,000440
0.00491954989941438,048470
0.00505152849930205,040610
-0.00134531472487634,006920
-0.00232368451693556,030350
-0.002392442948915,054940
-0.0426375945153303,208370
0.00225477981682007,085670
-0.00833186046834285,900260
-0.00101762785235886,154030
-0.00352506881053965,002680
-0.000198457002092405,039240
-0.0152928754510595,044480
-0.00110653682348967,290660
0.00203630222199088,079650
-0.00965423697614662,031860
-7.32379842882362e-05,114190
-0.000201979143963351,131180
-2.83647059123273e-05,045300
-0.00116382240670569,126640
0.00906395115153122,075130
-0.0119122789845607,063760
-7.97503191835247e-05,053290
-0.00458330670002458,208710
0.000254018280492403,109080
-0.00332945495778558,037400
0.00273047594377409,092300
0.00375202781606632,208860
-0.000117710374275544,008470
0.0126129810414483,140520
-0.0115513102558909,066910
0.00599588785447303,086250
0.0014085882606781,053110
-0.00823803484499677,039980
0.0274686780991772,098120
-0.0156852255979021,038620
-0.00242195338718861,119500
-0.00366548091901131,182690
-0.00351267188660431,073010
0.000833341972621958,024850
-0.00107281803193288,039310
-0.00486996005625831,136510
-0.00226104612215351,032540
-0.0134822140034273,082660
0.0117516698833147,279600
-0.0111448148796797,064510
-0.00155420201323828,079170
0.00228574632264457,053270
0.00681489120991022,154040
0.000354906947627509,060480
-0.0072645222814426,094970
-0.000637423556471278,043260
-0.00318472646093984,128540
-0.00834951469989007,032580
-0.00389434286813931,046970
-0.0143750000406353,105550
-0.00332789681390536,208350
1.22960712901329e-05,204840
0.00353071534202182,038110
-0.00127874367554826,065770
-0.00484536326595789,138070
0.00518385303828318,069140
-0.00663097144410455,900280
-0.00211957499267774,085910
-0.0027605869746204,035200
0.00148966717212225,019990
-0.00570884643124368,054930
-0.000560165688461781,002290
,051390
-0.00495479339491427,021880
-0.00251935749131861,065690
-0.0011389708814186,317770
-0.00669526820150868,046310
0.00340416254207865,117730
0.00157296613897162,310200
-0.00909964557578043,064480
0.00147707611384978,237750
-0.00290244048750902,297570
,177350
-0.00173486393860574,123750
-0.00199855330467766,173130
-0.00498778513110265,035460
,317850
-0.00172243380519753,079000
-0.000864079203907819,045340
-0.00242285767336694,081580
0.0018249083983065,024940
-0.0120482853245073,223310
-0.012623911188868,054630
0.0024272527845156,032960
-0.000490829470592902,012620
0.00597303124459444,078650
-0.00731600677451549,221610
0.00636020725413883,096640
0.00191567115811285,025880
-0.000969141624327923,227610
0.00202487668804821,159910
-0.0168222794331366,032860
0.0097921569085895,054300
0.004228532190321,161570
-0.000628613188493861,065440
-0.00230153973117986,070300
-0.055131650372281,045890
-0.00710548587882663,101930
0.00667814452827324,087600
0.00530825603314877,048830
-0.000255002463504184,023790
0.0131217708345598,093640
0.000557777406542579,032080
-0.0106165041663851,033050
-0.000592589379757752,025870
0.0059802553764661,187790
-0.00563319452314559,900120
-0.00249945126107791,226400
-0.00108036209385732,017250
-0.0136274758712781,043710
0.00333272898847298,026040
0.00120836077613652,070590
-0.00259067547684116,254120
-0.00211640556685874,072950
-0.0106531234852519,212560
0.00748624071375324,115570
-0.00072831731824852,073190
,184230
-0.012467554604849,191410
0.000378126172408525,114120
-0.00147492003323323,101400
0.00160433030689456,093380
-0.00304537449133873,275630
-0.00350158400458897,225590
-0.007864579257387,056000
0.00342243588677664,101390
-0.000126284686407791,007770
-0.00570339024778521,192390
-0.00689082838799049,064090
-0.00960407142018376,009620
-0.00956785914864984,181340
0.0237589394653845,035290
0.0193710257108474,101730
0.00122797695871567,197140
-0.00443203495368267,091440
0.00317928974373009,056090
0.0197831417516095,217190
-0.000626350108503926,032280
0.0146962908709725,189860
-0.00431727185657097,049470
0.0100159546644641,127160
,153460
,900070
-0.00368587307351271,263540
0.00308477609721245,067770
-0.0024772707092846,044780
0.000896820688489824,054410
-0.0057794557840849,007530
-0.0400053346136975,066430
-0.00309515427226022,059100
,060380
0.0114342532360199,036180
0.00671835007670401,090150
0.00898726153237206,087730
0.00502119396804572,033110
0.000591419454612208,130740
0.00373304816298721,008830
0.00390657425628953,098660
-0.000239962011622852,187270
0.00421681520235137,196700
0.00140934597484543,066110
-0.000895237555084535,039740
-0.00327404061930694,123330
-0.00594162217298395,900080
-0.00688382741941066,033430
0.00406856082220595,020400
-0.00748143633835596,227100
-0.011148681829867,043100
-0.00206520997978903,101670
-0.0132843013767868,058450
-0.00394425476149918,009730
-0.0120772644698695,175140
-0.000929365002757022,134580
-0.0725426048333397,053660
0.0268215265442907,058530
0.00575425749473046,121850
,026910
0.000368758398087471,043360
-0.00200143785695602,039230
0.00753823303168082,115610
0.00498363796111112,113810
-0.0135908298530174,058420
-0.0336820349246318,141020
-0.0169541269140138,215090
-0.000300270785941232,160600
-0.00198644121609512,103230
0.0029317094865159,307750
,319400
0.00351172312443911,096870
-0.0228723982984485,053060
,323940
-0.00121849162310133,291230
0.00138139143305304,050540
0.00306367295666377,033790
0.0154438994250139,052190
-0.0179245195462599,028040
-0.0133010555521532,069330
0.0016487583611807,299170
0.00188912908403316,309930
,317320
,317030
-0.00770838416561966,058220
0.00964520604536384,038160
,307070
0.00153817275045561,291210
0.00334099038429156,021045
,307160
,307870
0.000746511258116523,313750
0.000422836419649242,226350
0.00237162062129858,317240
,287410
-0.0120091553727601,195440
0.000354551794991746,307280
-0.0367987308499155,033600
,311270
,323280
0.0122351738930277,121890
-0.0249273604969004,114570
,321260
0.00252883829339514,310840
0.00233050166743835,310870
-0.038901777860897,080440
,323210
-0.000728958167228822,158310
-0.000224023990193967,08537M
7.02599937523831e-05,032685
